0.294 182938.25	
0.244 182938.3	
0.194 182938.35	
0.145 182938.4	
0.638 182938.5	
0.589 182938.55	
0.539 182938.6    
0.490 182938.65	
0.848 182938.7	
0.800 182938.75	
0.752 182938.8	
0.703 182938.85	
0.653 182938.9	
0.616 182938.95	
0.567 182939	    
0.517 182939.05	
0.468 182939.1	
0.418 182939.15	
0.369 182939.2	
0.319 182939.25	
0.270 182939.3	
0.220 182939.35	
0.175 182939.4	
0.711 182939.45	
0.668 182939.5	
0.618 182939.55	
0.569 182939.6	
0.520 182939.65   
0.470 182939.7	
0.421 182939.75	
0.371 182939.8	
0.322 182939.85	
0.273 182939.9	
0.223 182939.95   
0.174 182940	    
0.623 182940.05	
0.524 182940.15	
0.474 182940.2	
0.425 182940.25	
0.382 182940.3	
0.333 182940.35	
0.283 182940.4	
0.234 182940.45	
0.184 182940.5	
0.636 182940.55	
0.586 182940.6	
0.537 182940.65	
0.487 182940.7	
0.444 182940.75	
0.395 182940.8	
0.345 182940.85	
0.295 182940.9	
0.246 182940.95	
0.201 182941	    
0.751 182941.05	
0.702 182941.1	
0.654 182941.15	
0.605 182941.2	
0.960 182941.25   
0.910 182941.3	
0.861 182941.35	
0.811 182941.4	
0.762 182941.45	
0.712 182941.5	
0.662 182941.55	
0.613 182941.6    
0.563 182941.65	
0.514 182941.7	
0.464 182941.75	
0.414 182941.8	
0.365 182941.85	
0.315 182941.9	
0.270 182941.95	
0.220 182942	    
0.171 182942.05	
0.724 182942.1	
0.675 182942.15	
0.626 182942.2	
0.576 182942.25	
0.933 182942.3	
0.884 182942.35	
0.835 182942.4	
0.785 182942.45   
0.736 182942.5	
0.687 182942.55   
0.637 182942.6	
0.588 182942.65	
0.538 182942.7	
0.489 182942.75	
0.439 182942.8	
0.390 182942.85   
0.341 182942.9	
0.291 182942.95	
0.245 182943	    
0.195 182943.05	
0.748 182943.1	
0.699 182943.15	
0.649 182943.2	
0.600 182943.25	
0.900 182943.3	
0.850 182943.35	
0.801 182943.4	
0.751 182943.45	
0.701 182943.5	
0.652 182943.55	
0.602 182943.6	
0.503 182943.7	
0.453 182943.75	
0.403 182943.8	
0.361 182943.85	
0.311 182943.9	
0.262 182943.95	
0.217 182944	    
0.823 182944.05	
0.724 182944.15	
0.675 182944.2	
0.626 182944.25	
0.982 182944.3	
0.934 182944.35	
0.885 182944.4	
0.836 182944.45	
0.787 182944.5	
0.739 182944.55	
0.690 182944.6    
0.641 182944.65	
0.593 182944.7	
0.544 182944.75	
0.496 182944.8	
0.447 182944.85	
0.399 182944.9	
0.350 182944.95	
0.302 182945	    
0.253 182945.05	
0.204 182945.1	
0.155 182945.15	
0.697 182945.2	
0.649 182945.25	
0.599 182945.3	
0.550 182945.35	
0.505 182945.4	
0.456 182945.45	
0.406 182945.5	
0.357 182945.55	
0.307 182945.6	
0.261 182945.65	
0.212 182945.7	
0.162 182945.75	
0.507 182945.8	
0.457 182945.85	
0.408 182945.9	
0.359 182945.95	
0.314 182946	    
0.265 182946.05	
0.216 182946.1	
0.168 182946.15	
0.119 182946.2	
0.671 182946.25	
0.623 182946.3	
0.573 182946.35	
0.523 182946.4	
0.881 182946.45	
0.832 182946.5	
0.783 182946.55	
0.735 182946.6	
0.686 182946.65	
0.638 182946.7	
0.589 182946.75	
0.541 182946.8	
0.492 182946.85	
0.443 182946.9	
0.395 182946.95	
0.346 182947	    
0.298 182947.05	
0.199 182947.15	
0.150 182947.2	
0.512 182947.25	
0.463 182947.3	
0.413 182947.35	
0.364 182947.4	
0.699 182947.45	
0.649 182947.5	
0.600 182947.55	
0.550 182947.6	
0.501 182947.65	
0.655 182947.7	
0.606 182947.75	
0.557 182947.8	
0.509 182947.85	
0.460 182947.9	
0.412 182947.95	
0.363 182948	    
0.315 182948.05   
0.266 182948.1	
0.217 182948.15	
0.169 182948.2	
0.124 182948.25	
0.669 182948.3	
0.621 182948.35	
0.572 182948.4	
0.524 182948.45	
0.879 182948.5	